%
%             Demonstration input file for simple general purpose FEA code EN234FEA
%                                    A.F. Bower, August 2015
%
%              Simple plane 2D mesh with one 8 noded element or 2 6 noded elements (commented out)
%
%
% %%%%%%%%%%%%%%%%%%%%%%%%%%%%%%%%%%%% MESH DEFINITION %%%%%%%%%%%%%%%%%%%%%%%%%%%%%%%%%%%%%%%%%%%%%
%
    MESH

%    The NODE command defines properties of the nodes.  
%    The parameters are # of coords, # of DOF, and an optional integer identifier
       NODES, 2, 2, 1
%    The parameters are # of coords, # of DOF, and an optional integer identifier
       PARAMETERS, 2, 2, 1
%      Specify which nodal DOF are displacements.  In the example, DOF 1 is the x displacement, 2 is the y displacement, 3 is the z displacement
       DISPLACEMENT DOF, 1, 2
%    Enter x,y,z coords of nodes.   The node number is optional, and is ignored in the code.
         COORDINATES
%  Coords for 8 noded element
       %  1,  0.d0, 0.d0
      %   2,  1.d0, 0.d0
     %    3,  2.d0, 0.d0
    %     4,  2.d0, 1.d0
   %      5,  2.d0, 2.d0
  %       6,  1.d0, 2.d0
 %        7,  0.d0, 2.d0
%         8,  0.d0, 1.d0
% Coords for two 6 noded triangles
      1,   2.70000005,           0.
      2,    2.4000001,           0.
      3,    2.0999999,           0.
      4,   1.79999995,           0.
      5,          1.5,           0.
      6,   1.20000005,           0.
      7,  0.899999976,           0.
      8,  0.600000024,           0.
      9,  0.300000012,           0.
     10,           3.,           0.
     11,           0.,           0.
     12,           3.,  0.800000012
     13,           3.,          0.5
     14,           3.,  0.300000012
     15,           3.,           1.
     16,   1.29999995,           1.
     17,   1.60000002,           1.
     18,   1.89999998,           1.
     19,    2.0999999,           1.
     20,    2.4000001,           1.
     21,   2.70000005,           1.
     22,           1.,           1.
     23,           1.,    2.9000001
     24,           1.,    2.5999999
     25,           1.,    2.4000001
     26,           1.,    2.0999999
     27,           1.,   1.79999995
     28,           1.,          1.5
     29,           1.,   1.29999995
     30,           1.,   3.20000005
     31,   2.70000005,   3.20000005
     32,    2.4000001,   3.20000005
     33,    2.0999999,   3.20000005
     34,   1.89999998,   3.20000005
     35,   1.60000002,   3.20000005
     36,   1.29999995,   3.20000005
     37,           3.,   3.20000005
     38,           3.,           4.
     39,           3.,   3.70000005
     40,           3.,          3.5
     41,           3.,   4.19999981
     42,  0.300000012,   4.19999981
     43,  0.600000024,   4.19999981
     44,  0.899999976,   4.19999981
     45,   1.20000005,   4.19999981
     46,          1.5,   4.19999981
     47,   1.79999995,   4.19999981
     48,    2.0999999,   4.19999981
     49,    2.4000001,   4.19999981
     50,   2.70000005,   4.19999981
     51,           0.,   4.19999981
     52,           0.,    3.4000001
     53,           0.,   3.70000005
     54,           0.,    3.9000001
     55,           0.,   3.20000005
     56,           0.,   1.29999995
     57,           0.,   1.60000002
     58,           0.,   1.79999995
     59,           0.,    2.0999999
     60,           0.,    2.4000001
     61,           0.,   2.70000005
     62,           0.,    2.9000001
     63,           0.,           1.
     64,           0.,  0.200000003
     65,           0.,          0.5
     66,           0.,  0.699999988
     67,  0.186345428,   1.01080668
     68,  0.801035941,   1.08523083
     69,  0.191859528,   3.09964824
     70,  0.806595266,   2.90938783
     71,   2.79545212,  0.199354649
     72,   2.59311604,   0.28277117
     73,     2.400769,  0.193039834
     74,   2.18699288,   0.23386322
     75,   1.97912931,  0.192178965
     76,   1.78677285,  0.188705355
     77,   1.59053445,  0.200840652
     78,    1.3947854,  0.191127583
     79,   1.20240331,  0.186748922
     80,   1.01093817,  0.189708933
     81,  0.808545649,  0.198273346
     82,  0.613244951,  0.189214513
     83,  0.416517377,  0.227934673
     84,  0.202383563,  0.206992105
     85,   2.78791046,  0.406826556
     86,   2.55399871,  0.420229375
     87,   2.49740982,  0.424017608
     88,   2.16836095,  0.387015432
     89,   1.94030261,  0.460738301
     90,   1.63010585,  0.404530168
     91,    1.3739934,  0.374222875
     92,   1.19245827,  0.461545348
     93,  0.801793516,  0.455536515
     94,  0.635026455,  0.438151866
     95,  0.367895126,   0.43495959
     96,  0.191502601,  0.409015149
     97,   2.80018497,  0.608795106
     98,   2.60548353,  0.628950238
     99,   2.41188812,  0.638385236
    100,   2.13019681,  0.633321106
    101,   1.93783689,  0.639098704
    102,   1.75186479,  0.641700268
    103,   1.56114197,  0.607711792
    104,   1.35528862,  0.639662981
    105,   1.17869759,  0.641925335
    106,   1.00615025,   0.57067883
    107,  0.768202841,  0.642507672
    108,  0.596820295,  0.681971073
    109,  0.401629508,  0.618016243
    110,  0.185200006,  0.609593868
    111,   2.80343747,  0.804285347
    112,   2.60568881,  0.811329961
    113,    2.4085443,  0.817908823
    114,   2.21453023,  0.820657313
    115,   2.02109265,  0.820948422
    116,   1.82520592,  0.822291613
    117,   1.62643158,  0.820947945
    118,   1.43079889,  0.820103288
    119,   1.23674834,  0.821514666
    120,   1.05508232,  0.807958126
    121,  0.777176976,  0.780037642
    122,  0.585072637,   0.80912596
    123,  0.384330213,  0.822830439
    124,  0.189073488,  0.811970651
    125,  0.570856452,   1.02931714
    126,  0.373243302,   1.03020513
    127,  0.806892037,   1.49336851
    128,  0.605623841,   1.48490202
    129,  0.393626034,   1.48963344
    130,  0.194083408,   1.49704838
    131,  0.185334951,   1.30180895
    132,  0.438827813,   1.30174458
    133,  0.625665426,   1.28715086
    134,  0.811065853,   1.29490125
    135,  0.804589987,    1.6963712
    136,   0.60593009,   1.69448948
    137,  0.404179841,   1.69532263
    138,  0.201041579,   1.69652343
    139,  0.806242585,   1.89836061
    140,  0.615306616,   1.90302372
    141,  0.400747001,   1.91353774
    142,  0.200503603,   1.89895475
    143,  0.802943885,   2.30739331
    144,  0.581985295,   2.33776116
    145,  0.373149842,   2.30216718
    146,  0.193512425,   2.30205512
    147,  0.194543004,   2.10242915
    148,   0.37022078,   2.12058234
    149,  0.625259519,   2.09286356
    150,  0.804742932,   2.10178542
    151,  0.806759596,   2.50586033
    152,  0.605883837,   2.51276994
    153,  0.387917399,   2.49634194
    154,  0.196922719,   2.50217628
    155,  0.811326206,   2.70790601
    156,  0.652931213,     2.708323
    157,  0.354870319,   2.72908688
    158,  0.189801991,   2.70269823
    159,  0.624120772,   2.87844133
    160,  0.325410634,    2.8969295
    161,  0.181093141,   2.89967847
    162,   2.80207348,    3.3987298
    163,   2.59936523,   3.39681625
    164,   2.39670539,   3.38925171
    165,   2.19906497,   3.38763642
    166,    2.0002346,   3.38635421
    167,   1.80044985,   3.38557839
    168,   1.60054708,   3.38514829
    169,   1.40129554,   3.38505864
    170,    1.2029568,   3.38480401
    171,   1.01094961,   3.38917208
    172,   0.82673645,   3.40444756
    173,  0.622464538,   3.35096431
    174,   0.38428247,   3.33865428
    175,  0.187745482,   3.38561082
    176,  0.410721809,   3.16222548
    177,  0.617923677,   3.14206553
    178,  0.779476523,    3.1153903
    179,   2.80441427,   3.59376383
    180,   2.58370161,   3.60447335
    181,   2.37311053,   3.57334757
    182,   2.18016529,   3.58111405
    183,   1.98219109,   3.56988025
    184,   1.78469574,   3.57645988
    185,   1.58528984,   3.56887627
    186,   1.38469934,   3.57756615
    187,   1.18596041,   3.56748366
    188,  0.999584556,   3.56811333
    189,  0.765060127,   3.55831552
    190,  0.569105566,   3.57050133
    191,  0.373997062,   3.56044602
    192,  0.196409717,   3.58312488
    193,   2.80656266,    3.7895062
    194,   2.63458347,   3.78236461
    195,    2.3956995,   3.82037616
    196,    2.1978488,   3.80375075
    197,   2.01933241,   3.82954526
    198,   1.82484972,    3.7956512
    199,   1.62792611,   3.82758975
    200,    1.4266715,   3.79587793
    201,   1.22429276,   3.83076382
    202,   1.03765082,   3.82609296
    203,  0.832402647,   3.78490663
    204,  0.624081254,    3.8145957
    205,  0.430476785,    3.7567842
    206,  0.206906989,   3.78588319
    207,   2.79872751,   3.99176598
    208,   2.58914375,   3.97281504
    209,   2.38789558,    4.0038681
    210,   2.20012045,   4.00455093
    211,   2.00489378,   4.00698042
    212,    1.8073436,   4.00494289
    213,   1.60900819,    4.0061903
    214,   1.40797007,    4.0041337
    215,   1.20779312,   4.00737524
    216,   1.00809777,   4.00680161
    217,  0.807866454,   4.00041437
    218,  0.606556118,   3.99862337
    219,  0.407650948,   3.99179411
    220,  0.206284925,   3.99321318
    221,    2.9000001,           0.
    222,   2.79999995,           0.
    223,    2.5999999,           0.
    224,          2.5,           0.
    225,   2.29999995,           0.
    226,   2.20000005,           0.
    227,           2.,           0.
    228,   1.89999998,           0.
    229,   1.70000005,           0.
    230,   1.60000002,           0.
    231,   1.39999998,           0.
    232,   1.29999995,           0.
    233,   1.10000002,           0.
    234,           1.,           0.
    235,  0.800000012,           0.
    236,  0.699999988,           0.
    237,          0.5,           0.
    238,  0.400000006,           0.
    239,  0.200000003,           0.
    240,  0.100000001,           0.
    241,           3.,  0.899999976
    242,           3.,  0.699999988
    243,           3.,  0.600000024
    244,           3.,  0.400000006
    245,           3.,  0.200000003
    246,           3.,  0.100000001
    247,   1.10000002,           1.
    248,   1.20000005,           1.
    249,   1.39999998,           1.
    250,          1.5,           1.
    251,   1.70000005,           1.
    252,   1.79999995,           1.
    253,           2.,           1.
    254,   2.20000005,           1.
    255,   2.29999995,           1.
    256,          2.5,           1.
    257,    2.5999999,           1.
    258,   2.79999995,           1.
    259,    2.9000001,           1.
    260,           1.,    3.0999999
    261,           1.,           3.
    262,           1.,   2.79999995
    263,           1.,   2.70000005
    264,           1.,          2.5
    265,           1.,   2.29999995
    266,           1.,   2.20000005
    267,           1.,           2.
    268,           1.,   1.89999998
    269,           1.,   1.70000005
    270,           1.,   1.60000002
    271,           1.,   1.39999998
    272,           1.,   1.20000005
    273,           1.,   1.10000002
    274,    2.9000001,   3.20000005
    275,   2.79999995,   3.20000005
    276,    2.5999999,   3.20000005
    277,          2.5,   3.20000005
    278,   2.29999995,   3.20000005
    279,   2.20000005,   3.20000005
    280,           2.,   3.20000005
    281,   1.79999995,   3.20000005
    282,   1.70000005,   3.20000005
    283,          1.5,   3.20000005
    284,   1.39999998,   3.20000005
    285,   1.20000005,   3.20000005
    286,   1.10000002,   3.20000005
    287,           3.,    4.0999999
    288,           3.,    3.9000001
    289,           3.,   3.79999995
    290,           3.,    3.5999999
    291,           3.,    3.4000001
    292,           3.,   3.29999995
    293,  0.100000001,   4.19999981
    294,  0.200000003,   4.19999981
    295,  0.400000006,   4.19999981
    296,          0.5,   4.19999981
    297,  0.699999988,   4.19999981
    298,  0.800000012,   4.19999981
    299,           1.,   4.19999981
    300,   1.10000002,   4.19999981
    301,   1.29999995,   4.19999981
    302,   1.39999998,   4.19999981
    303,   1.60000002,   4.19999981
    304,   1.70000005,   4.19999981
    305,   1.89999998,   4.19999981
    306,           2.,   4.19999981
    307,   2.20000005,   4.19999981
    308,   2.29999995,   4.19999981
    309,          2.5,   4.19999981
    310,    2.5999999,   4.19999981
    311,   2.79999995,   4.19999981
    312,    2.9000001,   4.19999981
    313,           0.,   3.29999995
    314,           0.,          3.5
    315,           0.,    3.5999999
    316,           0.,   3.79999995
    317,           0.,           4.
    318,           0.,    4.0999999
    319,           0.,   1.10000002
    320,           0.,   1.20000005
    321,           0.,   1.39999998
    322,           0.,          1.5
    323,           0.,   1.70000005
    324,           0.,   1.89999998
    325,           0.,           2.
    326,           0.,   2.20000005
    327,           0.,   2.29999995
    328,           0.,          2.5
    329,           0.,    2.5999999
    330,           0.,   2.79999995
    331,           0.,           3.
    332,           0.,    3.0999999
    333,           0.,  0.100000001
    334,           0.,  0.300000012
    335,           0.,  0.400000006
    336,           0.,  0.600000024
    337,           0.,  0.800000012
    338,           0.,  0.899999976
    339,  0.094781369,   3.19820619
    340,   1.02700257,  0.899195492
    341, 0.0926832259,   1.00436032
    342, 0.0992224291,   3.59258556
    343,   2.90223241,   3.79515386
    344,   2.89848995,   4.09765339
    345,   2.59939575, 0.0955694169
    346,   2.09285426,  0.104177363
    347,  0.903883696,   2.70460033
    348,  0.901363671,   2.20282483
    349,    2.6009748,   3.29799819
    350,   2.10189795,   3.29412413
    351,   2.90223789,   3.49828792
    352,  0.104337588,   3.89473391
    353,   1.81279969,  0.911453426
    354,   1.51378262,  0.911400199
    355, 0.0971445814,   1.49889719
    356,   1.12118399,  0.907785952
    357,   1.41509497,  0.911384761
    358,   1.91211545,  0.911286294
    359, 0.0918726623,   1.10283804
    360,  0.094732888,    1.3996017
    361,  0.100571446,   1.79792535
    362,  0.100265957,   1.89856791
    363,   2.89543962,    0.3018457
    364,   2.89751697,  0.503047168
    365,  0.802570581,   4.10052681
    366,   0.50196898,   4.09828615
    367, 0.0941060111,  0.604766488
    368, 0.0969313532,  0.403438926
    369, 0.0937006846,   0.90530777
    370,   2.90168095,  0.702643335
    371,   2.89991927,  0.603280008
    372,   2.89516425,  0.402840376
    373,   2.89712644,  0.200543031
    374,   2.89887476,  0.099952057
    375,  0.303496867,   4.09662914
    376,  0.403149039,   4.09700775
    377,  0.602421641,   4.09915447
    378,  0.702775776,   4.09972811
    379,  0.902216554,   4.10141706
    380,   1.00289178,    4.1024704
    381, 0.0991682857,  0.302865595
    382, 0.0948653147,  0.503892481
    383, 0.0942285657,  0.705448866
    384, 0.0942583978,  0.805785835
    385,  0.203304991,   4.09683609
    386,  0.101348557,  0.102159016
    387,  0.102157697,   4.09793901
    388,  0.100804254,  0.202826753
    389,   2.60359645,  0.905505419
    390,   2.30623293,  0.910277963
    391,  0.706204534, 0.0956646204
    392,   1.00462067, 0.0952479914
    393,   1.29983723, 0.0944833159
    394,   1.59557724, 0.0982279778
    395,   1.89260519, 0.0949013829
    396,   2.19376612,  0.110391378
    397,   2.49885774, 0.0956100598
    398,   2.69896102,   0.09725409
    399,   2.90184188,  0.802114844
    400,   2.01066041,   0.91123569
    401, 0.0995972604,   1.99909687
    402,  0.901481092,    2.1014626
    403,  0.902518511,   2.40264201
    404,  0.093361564,   3.29458833
    405,  0.902001619,    1.7988745
    406,  0.903253317,   1.49697924
    407,  0.904518127,   1.29676819
    408,  0.903490722,   2.60352039
    409,  0.902198315,   2.90591168
    410,   0.10359554,   3.79372501
    411,   2.00183487,   4.10264397
    412,   2.80120111,   3.29919028
    413,   2.29706025,   4.10205603
    414,   2.50071073,   3.29656887
    415,   2.20045447,   3.29388666
    416,   1.10252333,   4.10278606
    417,   2.90292549,   3.59661627
    418,   2.59570956,   4.09027481
    419,   1.40308619,   4.10172176
    420, 0.0944918841,    2.7998836
    421, 0.0984987393,   2.30073929
    422,  0.100226164,   1.69827664
    423, 0.0919857845,   1.20117986
    424,  0.406724662,  0.108413383
    425,   1.21827459,  0.910844982
    426, 0.0988958031,   2.60050678
    427,   1.40170336,   3.29244471
    428,   1.70201898,   3.29289317
    429,   2.00114417,   3.29368711
    430,   1.70349574,    4.1022172
    431,   2.79848146, 0.0990750864
    432,   2.39809704, 0.0987737179
    433,   2.29609704,  0.105168208
    434,    1.9916693, 0.0978063941
    435,   1.79293811,   0.09490484
    436,   1.69374418, 0.0965918824
    437,   1.49767327, 0.0974134952
    438,   1.39838731, 0.0955380723
    439,   1.20144796, 0.0933908522
    440,   1.10345936, 0.0935804248
    441,  0.904859126, 0.0970230922
    442,   0.80505389, 0.0974265933
    443,  0.606429398, 0.0960971341
    444,   0.50652802,  0.100957729
    445,  0.305228382,  0.107587568
    446,  0.202691033,  0.104689673
    447,   1.31646633,  0.911395669
    448,   1.61311424,  0.911183834
    449,   1.71308935,  0.911325753
    450,    2.1092391,  0.911242783
    451,   2.20741534,  0.911041617
    452,   2.40488195,  0.909155548
    453,    2.5039804,  0.907508492
    454,   2.70297027,  0.903829813
    455,     2.802176,  0.902552903
    456,  0.899689078,   3.00712657
    457,  0.903463304,   2.80562115
    458,  0.902994335,   2.50279546
    459,  0.901800156,   2.30317593
    460,  0.902062356,   2.00006151
    461,  0.902375579,    1.8992002
    462,  0.901962698,   1.69817305
    463,  0.902482688,   1.59747291
    464,  0.904311836,   1.39686346
    465,  0.903069079,   1.19436407
    466,  0.900944531,    1.0899384
    467,   2.90078783,    3.2994628
    468,   2.70101023,   3.29897094
    469,   2.39976954,   3.29508448
    470,     2.299999,   3.29405689
    471,   1.90136206,    3.2932539
    472,    1.8007853,   3.29289556
    473,   1.60113144,   3.29268503
    474,   1.50128245,   3.29245114
    475,   1.30227268,   3.29234076
    476,    1.2023015,    3.2925477
    477,   2.89899039,   3.99648595
    478,   2.90075541,   3.89557981
    479,   2.90312958,   3.69503784
    480,   2.90144897,   3.39907098
    481,   1.20351744,   4.10265589
    482,   1.30354893,   4.10224628
    483,    1.5029788,   4.10194969
    484,   1.60407913,   4.10237312
    485,   1.80310822,   4.10248899
    486,   1.90222692,   4.10279417
    487,   2.10116529,   4.10276985
    488,   2.19986057,    4.1029048
    489,   2.39492559,   4.10091352
    490,   2.49461412,   4.09677219
    491,   2.69667125,   4.09187412
    492,   2.79791713,   4.09509277
    493, 0.0943871215,   3.39356661
    494, 0.0965473503,   3.49265599
    495,  0.101502798,    3.6932559
    496, 0.0928269848,   1.30109274
    497, 0.0988819227,   1.59853852
    498,  0.098657921,   2.10027647
    499, 0.0978845954,   2.20098805
    500, 0.0989716128,   2.40096188
    501, 0.0988164768,   2.50099134
    502, 0.0959467366,    2.7002151
    503, 0.0924798101,   2.89981389
    504, 0.0933184698,     2.999964
    505,   0.10369911,   3.99618053
    506,   1.10399508,   3.29355955
    507,  0.895853877,   3.10833192
    508, 0.0949049443,   3.10009408
    509,   2.49686241,   3.39301658
    510,   2.70055842,   3.39851403
    511,   1.70024014,    3.3854146
    512,   1.30128253,   3.38491154
    513,    1.8989284,   3.38572454
    514,   2.09892082,   3.38694072
    515,   1.49939179,   3.38514733
    516,   1.10489595,   3.38598037
    517,   2.29629183,    3.3878057
    518,   2.50661588,  0.815263808
    519,    2.3112967,  0.820086181
    520,   1.33294559,  0.820950866
    521,   1.72571337,  0.821958601
    522,   2.11711049,  0.820869505
    523,   1.52855086,  0.819267631
    524,   1.92288446,  0.821653545
    525,   2.70455265,  0.807906985
    526,  0.938537717,  0.878448784
    527,   1.00634599,   3.29669881
    528,  0.183753133,   3.29127216
    529,   2.49884725,  0.188317373
    530,  0.802331567,   2.20539618
    531,  0.183951557,   2.99859715
    532,  0.197357535,     2.001652
    533,   2.30037403,  0.207006827
    534,   0.19458209,   2.40259385
    535,   0.19222267,   2.20426536
    536,   1.14377236,  0.817631125
    537,   2.80669689,   3.68987536
    538,  0.201416001,   3.68459463
    539,   0.18680422,  0.711125493
    540,   2.80275512,  0.706911981
    541,  0.806643784,   1.99846733
    542,  0.183933526,   1.20455492
    543,  0.198092788,    1.5967139
    544,   2.79416776,  0.508867979
    545,  0.186330557,  0.509218216
    546,   2.79096818,  0.302573502
    547,   0.91049248,  0.194291189
    548,  0.805078804,   1.79761851
    549,  0.809062839,   1.19250131
    550,   1.10851002,   4.00841236
    551,  0.908631623,     4.003757
    552,   1.49279964,  0.196241572
    553,  0.305260032,  0.214519441
    554,   1.50877583,   4.00559759
    555,   1.68815529,  0.194650635
    556,   1.10729754,  0.186554134
    557,  0.519109607,  0.197020918
    558,  0.708528697,   3.99947238
    559,   1.30938637,   4.00594187
    560,   1.90627205,    4.0065484
    561,   2.69601369,  0.195919231
    562,   0.81000793,   2.60584831
    563,   2.10404468,   4.00681591
    564,   2.80361533,   3.89029264
    565,   2.69834328,   3.98560429
    566,   2.48300958,   3.99992442
    567,  0.805743158,    2.4057703
    568,  0.191939175,   3.48272753
    569,  0.806123435,   3.00660491
    570,  0.188083917,  0.912522912
    571,  0.809796512,    2.8092556
    572,  0.809140265,   1.39433479
    573,   0.18262732,   2.80138063
    574,  0.188932091,   1.39983654
    575,   2.80268788,   3.49728203
    576,  0.805211365,   1.59459746
    577,  0.194889531,   2.60286069
    578,  0.201786876,   1.79784667
    579,   0.19719936,  0.308246315
    580,  0.208133698,   3.88876987
    581,  0.259318054,    3.2944479
    582,  0.735729754,    2.9959116
    583,  0.266564876,   2.99231696
    584,  0.719146788,   1.19760931
    585,  0.275766045,   1.21054304
    586,  0.282071561,  0.921623111
    587,  0.917579174,   3.39485955
    588,  0.900599718,  0.750146687
    589,  0.285784543,   3.47098589
    590,   2.69937301,   3.49781632
    591,  0.722722411,    2.8079958
    592,  0.262761056,   2.80628443
    593,  0.275547981,  0.714725733
    594,  0.712144554,   1.39119232
    595,  0.283432871,   1.39962626
    596,   2.70444298,  0.712801218
    597,  0.706581652,   1.59161913
    598,  0.298305333,   1.59428728
    599,  0.298137069,   3.67221451
    600,   2.71203947,   3.68730831
    601,  0.721426964,   2.60873055
    602,  0.272674501,  0.516683578
    603,   0.29152441,   2.60783148
    604,   2.69390869,  0.520911574
    605,   2.48797107,   3.48863745
    606,   1.29576528,   3.47819996
    607,   1.89226365,   3.47841883
    608,   1.99192405,    3.4786315
    609,    1.4931885,   3.47855473
    610,   1.10070634,   3.47723413
    611,   2.28796744,   3.48189878
    612,   2.41085291,  0.727864623
    613,    1.2528733,  0.731882215
    614,   1.64110053,  0.727319777
    615,    2.0286994,  0.728955328
    616,   1.83488476,   0.73247987
    617,   2.60657096,  0.719249487
    618,   1.69491649,   3.47831202
    619,   2.21930242,  0.730168462
    620,   1.44543648,  0.724890351
    621,   1.16354573,  0.730172873
    622,   0.70750916,   1.79756689
    623,  0.303334266,   1.79969323
    624,  0.292864084,  0.318571657
    625,   0.31264168,   3.88306594
    626,   2.71021676,   3.88372707
    627,  0.712026179,    2.4110496
    628,  0.286949873,   2.40258908
    629,   1.59310353,   3.47791457
    630,   1.08168781,  0.721986413
    631,   1.54456532,  0.720790386
    632,   2.31528831,  0.730327189
    633,   2.46829844,   3.91558003
    634,    2.4987576,  0.275555521
    635,   1.31761479,    3.9119823
    636,   1.68907726,  0.291538477
    637,   2.68938088,  0.297848374
    638,  0.716490507,   3.90037322
    639,  0.920914471,    3.9074626
    640,  0.919649899,  0.287623346
    641,     1.118312,   3.91744924
    642,   2.10795593,   3.91321993
    643,  0.475145221,  0.292113572
    644,   1.51807749,   3.91107321
    645,   1.48110282,  0.294049919
    646,   1.91375148,   3.91214395
    647,   1.10983062,  0.277838558
    648,   2.32153249,  0.298429668
    649,   2.50791788,  0.724687099
    650,   2.38539767,   3.48314047
    651,   1.34680033,  0.729416311
    652,   1.73803484,  0.731667042
    653,   1.19612157,   3.47689748
    654,   2.12322974,  0.728891015
    655,     1.931301,   0.73077178
    656,   2.59286332,   3.49773192
    657,   2.09173369,   3.48035169
    658,   1.79309464,   3.47921586
    659,   1.39365137,   3.47953916
    660,   1.00714231,   3.47965193
    661,   2.18992662,    3.4823277
    662,   0.71482718,   1.99585557
    663,  0.285237581,   2.10982513
    664,   0.71144712,   2.09961796
    665,  0.281212628,   2.20966959
    666,   0.28183049,    3.3709259
    667,  0.705941439,   2.91678023
    668,  0.257515877,    2.8989861
    669,  0.718295336,   1.29475319
    670,  0.276839405,   1.30601621
    671,  0.283450514,  0.818565965
    672,  0.916903675,   3.48312473
    673,  0.910851717,   3.30406308
    674,  0.852807641,  0.841795921
    675,  0.288355619,   3.57181168
    676,   2.70139241,   3.59392023
    677,  0.727976263,   2.70789766
    678,    0.2755436,   2.71032929
    679,  0.268910021,  0.613843143
    680,  0.707936585,   1.48995697
    681,  0.291809589,   1.49548233
    682,   2.70194888,  0.618079305
    683,  0.705818951,   1.69504809
    684,  0.302187294,   1.69638932
    685,  0.312265903,   3.77521682
    686,   2.71650863,   3.78556967
    687,  0.712694824,   2.50941563
    688,  0.280959904,  0.419418484
    689,  0.291743159,   2.50264359
    690,   2.67151856,   0.41209358
    691,  0.711431801,   1.89790154
    692,  0.292390049,   2.00837374
    693,  0.308147907,   3.99102092
    694,  0.700955033,   2.31497145
    695,  0.282845914,   2.30411434
    696,   1.00870514,  0.701417327
    697,   2.38464952,   3.91084981
    698,   2.57987118,  0.364831954
    699,   1.21726024,   3.91705823
    700,   1.78272092,  0.280643791
    701,  0.615130842,   3.90172243
    702,  0.819495618,   3.89819598
    703,   1.01690376,  0.279477715
    704,   1.02149582,   3.91480684
    705,   2.01175714,   3.91600943
    706,  0.617190182,  0.276250213
    707,   1.41800869,   3.90635371
    708,   1.58385873,  0.317938924
    709,   1.81603098,   3.90675139
    710,    1.2010392,  0.278103411
    711,   2.40855742,  0.280850679
    712,   2.50808525,  0.637031913
    713,   1.26439893,  0.642402053
    714,   1.65961206,  0.632320046
    715,   2.03379393,  0.635189891
    716,   2.47245169,   3.57921386
    717,   1.84291637,  0.642196953
    718,   1.28367746,   3.57209444
    719,   1.88147843,   3.57190037
    720,    1.4831965,   3.57222939
    721,   1.09032798,   3.56625175
    722,   2.27708292,   3.57772827
    723,   2.31864524,  0.642684877
    724,   1.45131981,  0.630222201
    725,   1.68470383,   3.57151175
    726,   1.10148728,  0.638273239
    727,  0.803106129,    3.2228992
    728,  0.790336251,  0.953829765
    729,  0.832834244,   0.70079571
    730,  0.832166076,   3.48674178
    731,  0.635152161,   2.99630833
    732,  0.339299381,   2.97688055
    733,  0.585073352,   1.14373672
    734,  0.366826922,   1.21685135
    735,  0.372044683,   0.93247354
    736,  0.907203138,  0.981570661
    737,   2.58441401,  0.469224751
    738,   2.29403186,   3.90244269
    739,    2.4745934,   3.83515692
    740,   1.32221067,   3.82374525
    741,   1.70284247,  0.378882706
    742,   1.87312162,  0.278583646
    743,  0.514984369,   3.89258385
    744,  0.719794869,   3.80567288
    745,  0.942357838,   3.81723094
    746,  0.937887728,  0.372956455
    747,   1.13216603,   3.83006525
    748,  0.541601539,  0.370174885
    749,  0.706073403,  0.280353785
    750,    1.5271349,  0.408070982
    751,   1.92914569,   3.82255507
    752,   1.71825957,   3.91139245
    753,   1.02208495,  0.368494004
    754,   1.29338694,  0.279793888
    755,   2.41886306,  0.362045527
    756,   2.62682033,   3.69590092
    757,   2.52230692,   3.68394279
    758,     2.362221,   3.65904999
    759,   1.26428711,   3.66229987
    760,   1.07621515,   3.65316653
    761,    1.4778049,   3.66071558
    762,   2.06229854,   3.66395545
    763,   1.87517953,   3.66117668
    764,   2.50898647,  0.556799293
    765,   1.68818629,  0.544231415
    766,    1.2719841,  0.553089142
    767,   1.85018539,   0.55238837
    768,   2.03411913,  0.542859912
    769,   1.66807425,   3.66093826
    770,    1.1015017,  0.554554343
    771,    1.5195924,  0.522054493
    772,   2.31907749,  0.560407698
    773,  0.608779311,    2.2016716
    774,  0.383888185,   2.02123809
    775,    2.4971683,  0.354080826
    776,  0.630454898,   1.99471271
    777,  0.362717807,   2.21460247
    778,   1.49282467,  0.466296196
    779,   2.03480101,   3.74569249
    780,   1.05848336,   3.73997641
    781,   1.10527122,  0.461564779
    782,  0.546606958,    0.4711501
    783,  0.889319599,  0.452347904
    784,   1.77795458,  0.462239861
    785,    1.4889549,   3.72833562
    786,  0.698611557,   3.72044945
    787,  0.901471555,   3.72235584
    788,   1.88594747,   3.72927713
    789,   1.31043017,   3.75592446
    790,   2.37140775,  0.460605115
    791,   2.49299216,   3.76094794
    792,  0.456347436,   0.87225014
    793,  0.458654463,   1.22789252
    794,  0.564924359,   3.04953957
    795,   0.44688201,   3.01532936
    796,  0.491586655,   3.25811028
    797,   2.50969386,  0.489052474
    798,  0.718762159,   3.33421445
    799,  0.712607384,  0.851276934
    800,   0.82576406,   3.57217526
    801,  0.311915487,   3.21775198
    802,  0.690949559,   3.06028914
    803,  0.284786254,   3.09323144
    804,  0.698335707,   1.10241258
    805,  0.277893484,   1.11557758
    806,  0.279721826,   1.02006328
    807,  0.506849349,   3.99515653
    808,  0.710166872,  0.191187203
    809,   1.29761016,  0.187557131
    810,   1.88274348,  0.187783614
    811,   1.71045363,   4.00606441
    812,   2.29444051,   4.00426483
    813,   2.30093265,   3.78552175
    814,   2.54978681,    3.8482964
    815,   1.94683838,  0.371267051
    816,  0.533586323,   3.79555821
    817,  0.857932389,  0.396558166
    818,   2.10951996,   3.82598329
    819,  0.461539358,  0.363079548
    820,  0.618582129,  0.360169649
    821,   1.53429389,   3.82165504
    822,   1.45561457,  0.382772923
    823,   1.72385883,   3.82221842
    824,   1.28628814,  0.370869428
    825,   2.34602332,  0.381310076
    826,   2.42520618,   3.74442744
    827,   1.37275028,   3.68806505
    828,   1.16823661,   3.65551353
    829,   1.57383347,   3.65471196
    830,   1.96957803,    3.6560452
    831,   2.41178656,   0.54491061
    832,   1.62180185,  0.519144118
    833,   1.18629646,  0.552369654
    834,   1.85746574,  0.461821437
    835,   1.94014204,  0.550024748
    836,   1.02058911,  0.461890399
    837,  0.646814644,    2.7950263
    838,  0.372508943,   3.46393204
    839,   0.38194266,   1.39475286
    840,   2.45127583,  0.489621997
    841,  0.712312222,   0.70644933
    842,  0.733841121,   3.41973567
    843,   1.71260953,   3.75396991
    844,   2.62502456,   3.87143064
    845,  0.381271422,  0.337522477
    846,   2.12036681,   0.32391578
    847,  0.926931143,  0.540205002
    848,  0.987506151,   3.65215373
    849,   0.60415107,  0.554618597
    850,   1.77331555,   3.68734407
    851,  0.466813505,  0.769016504
    852,  0.541312695,   1.25704587
    853,  0.521746039,   2.95238495
    854,  0.531544745,   3.36576843
    855,   2.60118651,  0.543464959
    856,   2.20775318,   0.45435068
    857,   1.44127345,   0.54604876
    858,  0.706962287,   3.24642134
    859,   0.63328594,  0.899601519
    860,   2.16629744,   3.69495296
    861,   2.20221257,    3.9063406
    862,   1.96176898,  0.282436848
    863,  0.415998369,   3.88148856
    864,  0.806017101,  0.311001509
    865,   1.61874795,   3.91426063
    866,   1.38581502,  0.283596545
    867,    2.0243926,  0.457432687
    868,  0.508305311,   1.93143427
    869,  0.545254886,   2.07707119
    870,  0.478007048,   2.28520107
    871,  0.896024883,   3.65540719
    872,  0.579333305,    2.7791748
    873,   0.45964399,   3.47048664
    874,  0.643065691,   2.61721373
    875,  0.386039883,   3.65357399
    876,  0.400356442,   1.59131432
    877,  0.642323792,   3.65038943
    878,  0.792257786,   3.66977954
    879,  0.651385665,  0.762737393
    880,  0.641868234,   3.44223881
    881,   1.27850282,  0.462144256
    882,   2.36498618,   3.72811341
    883,  0.525629759,   2.17531562
    884,  0.450382888,   2.13977861
    885,  0.717768252,   0.48110646
    886,   2.08054209,  0.380335301
    887,  0.456165314,   2.88971925
    888,  0.552127779,   3.46322656
    889,  0.468768328,    2.0439713
    890,  0.495459825,    1.3670845
    891,   2.04639053,  0.293921113
    892,   1.36200452,  0.463170588
    893,   2.27369046,   3.67657399
    894,  0.469297558,   1.03585327
    895,   0.48839435,   3.09915257
    896,  0.509416878,  0.545152724
    897,  0.515106797,  0.844242752
    898,  0.428649455,   0.68623209
    899,  0.609895945,    3.2527442
    900,  0.699864745,   3.17047119
    901,  0.674143136,  0.998092949
    902,  0.535172045,  0.726302803
    903,   2.10341859,  0.438671976
    904,   0.50605619,   1.80627406
    905,  0.577371776,   2.63690305
    906,  0.510436773,   3.66560006
    907,  0.715001106,   3.60273314
    908,  0.577920318,    3.7126627
    909,  0.666753232,   3.52646279
    910,  0.763175011,  0.521578848
    911,  0.354482055,  0.528714001
    912,  0.440899163,  0.555992603
    913,  0.489136815,   2.81714582
    914,  0.500050485,   1.48222089
    915,   2.07674456,  0.204289004
    916,  0.332238793,   2.81726384
    917,  0.609037161,   1.38355064
    918,  0.459899187,  0.944056392
    919,  0.355963916,  0.710454464
    920,  0.532904744,   3.16388083
    921,  0.449902236,   2.38630462
    922,   0.63432461,   2.41915941
    923,  0.655424774,  0.631235123
    924,  0.490056694,  0.645856142
    925,  0.500425756,   2.46087384
    926,  0.462014735,   2.69818521
    927,  0.395543426,   2.61803913
    928,  0.605062664,   1.58932686
    929,  0.502921462,   1.58895981
    930,  0.489894181,   2.57567668
    931,  0.374393731,   2.39710689
    932,  0.504691958,   1.69568992
    933,  0.405136794,   1.80388904
    934,   0.94684124,  0.661819518
    935,  0.902161896,   3.20775366
    936,  0.607246876,   1.80098999
    937,    2.9012506,  0.901411057
    938,   2.59804583,  0.190514728
    939,  0.184625909,   1.10841358
    940,  0.193672463,   3.20008087
    941,   0.97451669,  0.784337103
    942,  0.815635204,   3.31605005
    943,   2.53459167,   3.91119742
    944,   0.29988274,   1.90444171
    945,  0.883573711,  0.620169699
    946,  0.703412473,    2.2071228
    947,   2.56177855,   3.77809167
    948,  0.749151647,   3.49575162
    949,   2.08024716,   3.57426691
    950,  0.907821894,   3.57136798
    951,  0.819702983,  0.572946846
    952,  0.859501004,  0.505986929
    953,   1.04075301,  0.635411203
    954,  0.547760665,  0.930779755
    955,  0.644430995,   1.20905244
    956,   2.57037854,   3.71776056
    957,  0.367827863,   3.06410885
    958,  0.343280673,  0.616066992
    959,   0.37209639,   1.12387609
    960,  0.366010964,    1.3074379
    961,   2.23959613,   0.33123228
    962,   1.35688889,  0.551936686
    963,  0.593929946,   2.94427538
    964,  0.946338117,   0.45590961
    965,   2.44870067,   3.66313457
    966,  0.632214844,   3.75020432
    967,   0.45248121,  0.453969777
    968,  0.711278021,  0.579686105
    969,  0.564086437,   2.00076628
    970,  0.454036236,   3.62562203
    971,   0.47219643,   1.13206708
    972,   2.27633834,  0.409839422
    973,   2.22353244,  0.641224623
    974,  0.549400508,  0.606321931
    975,  0.663993359,  0.511499822
    976,  0.729738355,  0.406497508
    977,   0.97164619,   3.73526001
    978,   1.14906764,   3.74259901
    979,   1.23749268,   3.74631095
    980,    1.5595758,   3.73836923
    981,   1.64236426,   3.74391484
    982,   1.95470917,   3.73958898
    983,   2.10164165,   3.75780916
    984,   1.10863316,  0.368638426
    985,   1.19697976,  0.369133055
    986,   1.43640554,  0.464624226
    987,  0.538063288,  0.281492352
    988,  0.460359156,   3.39058185
    989,  0.406710356,    2.9446311
    990,   0.46298933,   3.55518126
    991,  0.375243992,   2.89450192
    992,   0.42790857,   2.21280718
    993,  0.685691059,  0.349424243
    994,   2.43257308,  0.434595406
    995,  0.554568708,   2.85475874
    996,  0.590154767,   2.70770168
    997,  0.397407264,   2.84221387
    998,  0.424304754,   2.76968908
    999,  0.555729449,   2.57419276
   1000,  0.515122235,   2.65499258
   1001,   2.30597448,   0.48317185
   1002,    2.2480433,  0.498851448
   1003,   2.02322698,   0.37533316
   1004,   1.86479282,  0.369537205
   1005,   1.78252935,  0.371198207
   1006,   1.76666868,  0.552033126
   1007,   2.13912487,   0.52725637
   1008,   2.23177648,  0.559397936
   1009,   1.57481992,  0.463402987
   1010,  0.517389476,   2.75088978
   1011,  0.541938603,   2.70584226
   1012,   1.70814312,  0.462256491
   1013,   1.65602064,   0.46075806
        END COORDINATES
      END NODES
%
%     The ELEMENT command defines properties of elements
%     The parameters are no. nodes on the element,  total no. state variables, integer identifier

      ELEMENTS
        PARAMETERS, 4, 0, 101
%       Define element properties - the values are passed to user subroutine elstif in the order they are listed here
%       For the example provided, the params are Youngs Modulus, Poissons ratio
        PROPERTIES
         100.d0, 0.3d0
        END PROPERTIES
%     Define mass density (for explicity dynamics only)
%       DENSITY, 10.d0
%     Define element connectivity
%     The element number (first number in the list) is optional, and is ignored in the code
        CONNECTIVITY, zone1
%  Uncomment lines below for 6 noded triangles, and comment out the 8 noded connectivity
  1,  240,  239,  446,  386
  2,  624,  579,   84,  553
  3,  643,   83,  557,  987
  4,   81,  547,  640,  864
  5,   80,  556,  647,  703
  6,  647,  984,  753,  703
  7,  552,  645,  866,   78
  8,   77,  555,  636,  708
  9,  700, 1005,  741,  636
 10,   74,  846,  891,  915
 11,   74,  533,  648,  961
 12,   73,  529,  634,  711
 13,  637,  561,   71,  546
 14,   85,  546,  363,  372
 15,  372,  244,   13,  364
 16,  364,   13,  243,  371
 17,  371,  243,  242,  370
 18,  370,  242,   12,  399
 19,  112,  525,  454,  389
 20,  453,  389,  257,  256
 21,  256,   20,  452,  453
 22,   20,  255,  390,  452
 23,  451,  390,  255,  254
 24,  522,  450,  400,  115
 25,  654,  100,  973,  619
 26,  768,  715,  101,  835
 27,  846,   74,  961,   88
 28,  236,  235,  442,  391
 29,   82,  808,  749,  706
 30,  547,  441,  392,   80
 31,    7,  234,  392,  441
 32,   80,  392,  440,  556
 33,  232,  231,  438,  393
 34,   79,  809,  754,  710
 35,  394,   77,  552,  437
 36,  228,  227,  434,  395
 37,   77,  394,  436,  555
 38,   76,  810,  742,  700
 39,   75,  915,  891,  862
 40,  396,  346,    3,  226
 41,  529,  397,  345,  938
 42,  345,  398,  561,  938
 43,  345,  397,  224,  223
 44,  398,    1,  222,  431
 45,  246,  374,  221,   10
 46,  399,  937,  455,  111
 47,  358,  400,  253,   18
 48,  524,  358,  353,  116
 49,  102,  717,  616,  652
 50,  717,  102, 1006,  767
 51, 1005, 1004,  834,  784
 52,  449,  353,  252,  251
 53,  251,   17,  448,  449
 54,  652,  616,  116,  521
 55,  765,  714,  103,  832
 56,  636,  555,   76,  700
 57,   17,  250,  354,  448
 58,  104,  724,  620,  651
 59,  857,  724,  104,  962
 60,  552,   77,  708,  645
 61,   93,  817,  783,  952
 62,  792,  123,  851,  897
 63,  585,  542,  939,  805
 64,  574,  360,  496,  131
 65,   57,  322,  355,  497
 66,  578,  361,  422,  138
 67,  362,  401,  325,  324
 68,  665,  535,  147,  663
 69,  883,  773,  144,  870
 70,  664,  150,  530,  946
 71,  266,  348,  402,   26
 72,  402,  348,  530,  150
 73,  403,   25,  264,  458
 74,  458,  264,   24,  408
 75,  458,  408,  562,  151
 76,  155,  571,  591,  677
 77,  795,  853,  794,  895
 78,  581,  528,  940,  801
 79,  339,  404,  313,   55
 80,  508,  504,  531,   69
 81,  503,  161,  531,  504
 82,  161,  573,  592,  668
 83,  874,  156,  996,  905
 84,  627,  567,  151,  687
 85,  562,  601,  687,  151
 86,  601,  562,  155,  677
 87,  692,  532,  142,  944
 88,  776,  149,  869,  969
 89,  541,  662,  691,  139
 90,  405,  461,  139,  548
 91,  662,  541,  150,  664
 92,  461,  268,  267,  460
 93,  406,   28,  270,  463
 94,   29,  271,  464,  407
 95,  584,  549,  134,  669
 96,  131,  542,  585,  670
 97,  971,  894,  125,  733
 98,  954,  918,  792,  897
 99,  859,  799,  728,  901
100,  674,  526,  736,  728
101,  273,  272,  465,  466
102,  549,  465,  407,  134
103,  572,  464,  406,  127
104,  263,  347,  408,   24
105,  347,  457,  571,  155
106,   70,  569,  582,  667
107,  589,  568,  175,  666
108,  315,  314,  494,  342
109,  493,  404,  528,  175
110,  409,  456,  569,   70
111,  456,  261,  260,  507
112,  177,  900,  858,  899
113,  599,  538,  192,  675
114,  410,  352,   54,  316
115,   53,  315,  342,  495
116,   48,  306,  411,  487
117,  210,  563,  642,  861
118,  722,  181,  758,  893
119,  164,  650,  611,  517
120,  412,  162,  510,  468
121,  467,  412,  275,  274
122,  291,  480,  467,  292
123,  480,  162,  412,  467
124,  179,  537,  600,  676
125,  633,  566,  209,  697
126,  308,  307,  488,  413
127,  209,  812,  738,  697
128,  563,  487,  411,  211
129,  211,  560,  646,  705
130,  183,  949,  762,  830
131,  165,  661,  657,  514
132,   32,  277,  414,  469
133,  277,  276,  349,  414
134,  763,  719,  183,  830
135,  278,   32,  469,  470
136,  470,  415,  279,  278
137,  415,  350,   33,  279
138,   34,  280,  429,  471
139,  428,  511,  168,  473
140,  186,  720,  761,  827
141,  635,  559,  215,  699
142,  380,  416,  300,  299
143,  550,  416,  380,  216
144,  551,  379,  365,  217
145,   44,  298,  365,  379
146,  365,  378,  558,  217
147,  638,  558,  218,  701
148,  786,  877,  907,  878
149,  798,  842,  880,  173
150,  935,  727,  178,  507
151,  527,  673,  935,   30
152,  587,  673,  527,  171
153,  950,  672,  660,  188
154,  787,  203,  878,  871
155,  216,  551,  639,  704
156,  639,  551,  217,  702
157,  217,  558,  638,  702
158,  417,  351,   40,  290
159,  479,  417,  290,   39
160,  564,  626,  686,  193
161,  418,  490,  566,  208
162,  208,  566,  633,  943
163,   39,  289,  343,  479
164,  207,  564,  478,  477
165,  565,  491,  418,  208
166,  310,  309,  490,  418
167,   38,  287,  344,  477
168,  311,  492,  344,  312
169,  302,  301,  482,  419
170,  419,  482,  559,  214
171,  214,  559,  635,  707
172,  761,  720,  185,  829
173,  725,  618,  658,  184
174,  607,  513,  166,  608
175,  350,  514,  166,  429
176,  296,  295,  376,  366
177,  816,  204,  701,  743
178,  854,  173,  880,  888
179,  385,  375,   42,  294
180,  317,  505,  387,  318
181,  580,  352,  410,  206
182,  538,  599,  685,  206
183,  206,  685,  625,  580
184,  580,  625,  693,  220
185,  693,  375,  385,  220
186,  218,  807,  743,  701
187,   62,  330,  420,  503
188,  158,  577,  603,  678
189,  144,  925,  921,  870
190,  143,  694,  946,  530
191,  143,  567,  627,  694
192,  327,  326,  499,  421
193,  146,  421,  499,  535
194,  532,  401,  362,  142
195,  422,  361,   58,  323
196,  322,  321,  360,  355
197,  359,  423,  320,  319
198,  359,  341,   67,  939
199,  341,  369,  570,   67
200,  539,  383,  367,  110
201,  545,  382,  368,   96
202,  334,   64,  388,  381
203,  533,  433,  432,   73
204,    9,  238,  424,  445
205,  553,  445,  424,   83
206,  240,  386,  333,   11
207,  424,  444,  557,   83
208,   85,  690,  637,  546
209,   85,  544,  604,  690
210,  649,  617,  112,  518
211,  519,  114,  619,  632
212,  450,  522,  114,  451
213,   72,  634,  529,  938
214,  764,  712,   99,  831
215,   99,  723,  772,  831
216,  723,  973, 1008,  772
217,  100,  715,  768, 1007
218,  648,  533,   73,  711
219,  985,  824,  881,   92
220,  766,  713,  105,  833
221,  621,  630,  726,  105
222,  526,  674,  588,  941
223,  121,  729,  588,  674
224,  588,  934,  696,  941
225,  122,  879,  799,  859
226,  647,  556,   79,  710
227,  106,  770,  726,  953
228,  836,  106,  847,  964
229,  640,  547,   80,  703
230,  748,  820,   94,  782
231,  923,  968,  107,  841
232,  902,  108,  879,  122
233,  586,  570,  124,  671
234,  369,  341,   63,  338
235,  967,  819,  748,  782
236,  593,  539,  110,  679
237,  624,  688,   96,  579
238,  602,  545,   96,  688
239,  367,  382,  545,  110
240,  604,  544,   97,  682
241,  525,  112,  617,  596
242,  518,  113,  612,  649
243,   98,  712,  764,  855
244,  101,  717,  767,  835
245,  102,  714,  765, 1006
246,  771,  103,  724,  857
247,  713,  766,  962,  104
248,  247,   22,  340,  356
249,  536,  120,  630,  621
250,  105,  726,  770,  833
251,  968,  923,  849,  975
252,  896,  782,  849,  974
253,  110,  545,  602,  679
254,  525,  111,  455,  454
255,  358,  524,  115,  400
256,  449,  521,  116,  353
257,  354,  523,  117,  448
258,  651,  620,  118,  520
259,  425,  119,  520,  447
260,  356,  425,  248,  247
261,  122,  897,  851,  902
262,  124,  539,  593,  671
263,   68,  549,  584,  804
264,   68,  804,  901,  728
265,   67,  570,  586,  806
266,  523,  354,  357,  118
267,  134,  572,  594,  669
268,  876,  129,  914,  929
269,  623,  578,  138,  684
270,  543,  598,  684,  138
271,  598,  543,  130,  681
272,  130,  574,  595,  681
273,  890,  852,  133,  917
274,  127,  576,  597,  680
275,  141,  933,  904,  868
276,  578,  623,  944,  142
277,  595,  574,  131,  670
278,  594,  572,  127,  680
279,  597,  576,  135,  683
280,  135,  548,  622,  683
281,  933,  141,  944,  623
282,  622,  548,  139,  691
283,  992,  870,  145,  777
284,  603,  577,  154,  689
285,  330,   61,  502,  420
286,   61,  329,  426,  502
287,  502,  158,  573,  420
288,  421,  146,  534,  500
289,  535,  665,  695,  146
290,  628,  534,  146,  695
291,  534,  628,  689,  154
292,  663,  147,  532,  692
293,  874,  905,  999,  152
294,  872,  995,  913, 1010
295,  989,  887,  853,  795
296,  592,  573,  158,  678
297,  591,  571,   70,  667
298,   69,  531,  583,  803
299,  583,  531,  161,  668
300,  590,  510,  162,  575
301,  414,  509,  164,  469
302,  472,  428,  282,  281
303,  474,  515,  169,  427
304,  187,  718,  759,  828
305,  641,  550,  216,  704
306,  760,  721,  187,  828
307,  188,  721,  760,  848
308,  721,  610,  653,  187
309,  427,  169,  512,  475
310,  474,  427,  284,  283
311,  283,   35,  473,  474
312,  286,  285,  476,  506
313,   30,  286,  506,  527
314,  506,  516,  171,  527
315,  170,  653,  610,  516
316,  606,  512,  169,  659
317,  909,  907,  877,  190
318,  672,  730,  172,  587
319,  854,  796,  899,  173
320,  175,  528,  581,  666
321,  895,  794,  177,  920
322,  582,  569,  178,  802
323,   35,  282,  428,  473
324,  350,  429,  280,   33
325,  194,  947,  956,  756
326,  965,  757,  791,  826
327,  184,  719,  763,  850
328,  769,  725,  184,  850
329,  185,  725,  769,  829
330,  720,  609,  629,  185
331,  871,  878,  800,  950
332,  192,  568,  589,  675
333,  537,  193,  686,  600
334,  813,  195,  697,  738
335,  642,  563,  211,  705
336,  646,  560,  212,  709
337,  709,  198,  751,  646
338,  213,  554,  644,  865
339,  644,  554,  214,  707
340,  823,  198,  709,  752
341,  759,  718,  186,  827
342,  906,  205,  875,  970
343,  626,  564,  207,  565
344,  304,  303,  484,  430
345,  212,  811,  752,  709
346,  554,  483,  419,  214
347,  215,  550,  641,  699
348,  411,  486,  560,  211
349,  407,  464,  572,  134
350,  221,  374,  431,  222
351,  223,    1,  398,  345
352,  397,  432,    2,  224
353,  432,  433,  225,    2
354,  227,    3,  346,  434
355,  395,  435,    4,  228
356,  555,  436,  435,   76
357,  394,  437,    5,  230
358,   78,  438,  437,  552
359,  393,  439,    6,  232
360,  556,  440,  439,   79
361,   81,  442,  441,  547
362,  391,  443,    8,  236
363,  557,  444,  443,   82
364,   84,  446,  445,  553
365,   15,  259,  937,  241
366,  399,   12,  241,  937
367,  371,  370,  540,   97
368,  372,  364,  544,   85
369,   14,  363,  373,  245
370,  245,  373,  374,  246
371,  526,  340,   22,  736
372,  249,   16,  447,  357
373,  254,   19,  450,  451
374,  258,   21,  454,  455
375,  261,  456,  409,   23
376,   23,  409,  457,  262
377,  347,  263,  262,  457
378,   25,  403,  459,  265
379,  348,  266,  265,  459
380,   26,  402,  460,  267
381,  150,  541,  460,  402
382,  405,  462,  269,   27
383,  462,  135,  576,  463
384,   28,  406,  464,  271
385,   29,  407,  465,  272
386,  274,   37,  292,  467
387,  276,   31,  468,  349
388,  281,   34,  471,  472
389,  285,   36,  475,  476
390,  287,   41,  312,  344
391,  477,  478,  288,   38
392,  291,   40,  351,  480
393,  293,   51,  318,  387
394,  387,  385,  294,  293
395,  295,   42,  375,  376
396,  376,  375,  693,  219
397,  366,  377,   43,  296
398,  558,  378,  377,  218
399,  379,  380,  299,   44
400,  416,  481,   45,  300
401,  559,  482,  481,  215
402,  419,  483,   46,  302
403,  484,  483,  554,  213
404,  430,  485,   47,  304
405,  560,  486,  485,  212
406,  488,  487,  563,  210
407,  413,  489,   49,  308
408,  566,  490,  489,  209
409,  418,  491,   50,  310
410,  207,  492,  491,  565
411,   55,  332,  508,  339
412,  404,  493,   52,  313
413,  493,  494,  314,   52
414,  317,   54,  352,  505
415,  319,   63,  341,  359
416,  423,  496,   56,  320
417,  324,   58,  361,  362
418,  401,  498,   59,  325
419,  498,  147,  535,  499
420,  421,  500,   60,  327
421,  501,  500,  534,  154
422,  502,  426,  577,  158
423,  503,  504,  331,   62
424,  386,  388,   64,  333
425,  381,  368,  335,  334
426,  367,  383,   66,  336
427,  383,  384,  337,   66
428,   69,  940,  339,  508
429,  528,  404,  339,  940
430,  120,  536,  356,  340
431,  342,  192,  538,  495
432,  495,  410,  316,   53
433,  289,  288,  478,  343
434,  537,  479,  343,  193
435,  477,  344,  492,  207
436,  408,  347,  155,  562
437,  143,  530,  348,  459
438,  349,  163,  509,  414
439,  514,  350,  415,  165
440,  575,  351,  417,  179
441,  505,  220,  385,  387
442,   18,  252,  353,  358
443,  357,  354,  250,  249
444,  355,  130,  543,  497
445,  497,  422,  323,   57
446,  425,  356,  536,  119
447,  542,  423,  359,  939
448,  321,   56,  496,  360
449,  355,  360,  574,  130
450,  362,  361,  578,  142
451,  363,  546,   71,  373
452,  363,   14,  244,  372
453,  544,  364,  371,   97
454,  298,  297,  378,  365
455,  377,  366,  807,  218
456,  336,   65,  382,  367
457,   65,  335,  368,  382
458,  338,  337,  384,  369
459,  570,  369,  384,  124
460,  111,  540,  370,  399
461,  373,   71,  431,  374
462,  398,  431,   71,  561
463,  743,  807,  219,  863
464,  297,   43,  377,  378
465,  380,  379,  551,  216
466,  579,  381,  388,   84
467,   96,  368,  381,  579
468,  384,  383,  539,  124
469,  388,  386,  446,   84
470,   21,  257,  389,  454
471,  519,  390,  451,  114
472,  113,  452,  390,  519
473,   82,  443,  391,  808
474,  234,  233,  440,  392
475,   79,  439,  393,  809
476,  230,  229,  436,  394
477,   76,  435,  395,  810
478,  226,  225,  433,  396
479,  432,  397,  529,   73
480,   19,  253,  400,  450
481,  147,  498,  401,  532
482,  151,  567,  403,  458
483,  459,  403,  567,  143
484,  493,  175,  568,  494
485,  462,  405,  548,  135
486,  405,   27,  268,  461
487,  463,  270,  269,  462
488,  406,  463,  576,  127
489,  736,   22,  273,  466
490,  457,  409,   70,  571
491,  306,  305,  486,  411
492,   31,  275,  412,  468
493,  489,  413,  812,  209
494,  481,  416,  550,  215
495,  503,  420,  573,  161
496,  496,  423,  542,  131
497,  238,  237,  444,  424
498,   16,  248,  425,  447
499,  329,  328,  501,  426
500,  577,  426,  501,  154
501,   36,  284,  427,  475
502,  511,  428,  472,  167
503,  429,  166,  513,  471
504,  485,  430,  811,  212
505,  396,  433,  533,   74
506,   75,  434,  346,  915
507,  742,  810,   75,  862
508,  229,    4,  435,  436
509,  754,  809,   78,  866
510,  231,    5,  437,  438
511,  233,    6,  439,  440
512,  749,  808,   81,  864
513,  235,    7,  441,  442
514,  237,    8,  443,  444
515,  239,    9,  445,  446
516,  118,  357,  447,  520
517,  448,  117,  521,  449
518,  452,  113,  518,  453
519,  112,  389,  453,  518
520,  259,  258,  455,  937
521,  507,  260,   30,  935
522,  569,  456,  507,  178
523,  461,  460,  541,  139
524,  466,  465,  549,   68
525,  736,  466,   68,  728
526,  163,  349,  468,  510
527,  469,  164,  517,  470
528,  165,  415,  470,  517
529,  167,  472,  471,  513
530,  473,  168,  515,  474
531,  170,  476,  475,  512
532,  476,  170,  516,  506
533,  193,  343,  478,  564
534,  417,  479,  537,  179
535,  162,  480,  351,  575
536,  301,   45,  481,  482
537,  752,  811,  213,  865
538,  303,   46,  483,  484
539,  305,   47,  485,  486
540,  738,  812,  210,  861
541,  307,   48,  487,  488
542,  309,   49,  489,  490
543,  311,   50,  491,  492
544,  342,  494,  568,  192
545,  410,  495,  538,  206
546,  422,  497,  543,  138
547,  326,   59,  498,  499
548,  328,   60,  500,  501
549,  332,  331,  504,  508
550,  220,  505,  352,  580
551,  605,  509,  163,  656
552,  509,  605,  650,  164
553,  618,  511,  167,  658
554,  618,  629,  168,  511
555,  606,  653,  170,  512
556,  609,  515,  168,  629
557,  609,  659,  169,  515
558,  610,  660,  171,  516
559,  611,  661,  165,  517
560,  520,  119,  613,  651
561,  521,  117,  614,  652
562,  522,  115,  615,  654
563,  654,  619,  114,  522
564,  523,  118,  620,  631
565,  524,  116,  616,  655
566,  596,  540,  111,  525
567,  340,  526,  941,  120
568,  634,   72,  698,  775
569,  773,  946,  694,  144
570,  621,  613,  119,  536
571,  819,  845,   83,  643
572,  208,  844,  626,  565
573,  590,  575,  179,  676
574,  796,  174,  801,  176
575,  582,  802,  731,  667
576,  732,  583,  668,  160
577,   69,  803,  801,  940
578,  955,  733,  804,  584
579,  734,  585,  805,  959
580,  670,  585,  734,  960
581,  735,  586,  671,  123
582,   67,  806,  805,  939
583,  673,  587,  172,  942
584,  171,  660,  672,  587
585,  696,  630,  120,  941
586,  838,  589,  666,  174
587,  675,  589,  838,  191
588,  656,  180,  716,  605
589,  837,  591,  667,  159
590,  677,  591,  837,  156
591,  916,  157,  998,  997
592,  916,  997,  991,  160
593,  898,  919,  958,  109
594,  919,  898,  851,  123
595,  890,  917,  128,  914
596,  595,  670,  960,  839
597,  681,  595,  839,  129
598,  682,  596,  617,   98
599,   97,  540,  596,  682
600,  928,  136,  932,  929
601,  876,  598,  681,  129
602,  684,  598,  876,  137
603,  875,  599,  675,  191
604,  205,  685,  599,  875
605,  194,  756,  600,  686
606,  676,  600,  756,  180
607,  874,  601,  677,  156
608,  687,  601,  874,  152
609,  911,  602,  688,   95
610,  679,  602,  911,  958
611,  930,  927,  153,  925
612,  157,  927,  926,  998
613,  855,  604,  682,   98
614,  737,  690,  604,  855
615,  656,  163,  510,  590
616,  650,  605,  716,  181
617,  653,  606,  718,  187
618,  608,  166,  514,  657
619,  658,  607,  719,  184
620,  608,  183,  719,  607
621,  659,  609,  720,  186
622,  660,  610,  721,  188
623,  661,  611,  722,  182
624,  113,  519,  632,  612
625,  712,  649,  612,   99
626,  651,  613,  713,  104
627,  117,  523,  631,  614
628,  652,  614,  714,  102
629,  115,  524,  655,  615
630,  654,  615,  715,  100
631,  655,  616,  717,  101
632,  167,  513,  607,  658
633,  629,  618,  725,  185
634,  632,  619,  973,  723
635,  631,  620,  724,  103
636,  613,  621,  105,  713
637,  904,  936,  140,  868
638,  136,  936,  904,  932
639,  624,  553,   83,  845
640,   95,  845,  819,  967
641,  863,  625,  685,  205
642,  219,  693,  625,  863
643,  844,  208,  943,  814
644,  194,  844,  814,  947
645,  694,  627,  922,  144
646,  931,  145,  870,  921
647,  931,  921,  925,  153
648,  953,  726,  630,  696
649,  614,  631,  103,  714
650,  612,  632,  723,   99
651,  739,  633,  697,  195
652,  633,  739,  814,  943
653,  711,  634,  775,  755
654,  740,  635,  699,  201
655,  707,  635,  740,  200
656,  708,  636,  741,   90
657,  637,  690,  698,   72
658,  561,  637,   72,  938
659,  744,  638,  701,  204
660,  702,  638,  744,  203
661,  745,  639,  702,  203
662,  704,  639,  745,  202
663,  640,  703,  753,  746
664,  640,  746,  817,  864
665,  747,  641,  704,  202
666,  699,  641,  747,  201
667,  818,  642,  705,  197
668,  643,  987,  748,  819
669,  821,  644,  707,  200
670,  645,  708,  750,  822
671,  705,  646,  751,  197
672,  984,  647,  710,  985
673,  648,  711,  755,  825
674,   98,  617,  649,  712
675,  650,  181,  722,  611
676,  718,  606,  659,  186
677,  101,  715,  615,  655
678,  656,  590,  676,  180
679,  182,  949,  657,  661
680,  149,  776,  662,  664
681,  691,  662,  776,  140
682,  663,  692,  774,  148
683,  665,  663,  148,  777
684,  946,  773,  149,  664
685,  695,  665,  777,  145
686,  955,  133,  852,  733
687,  800,  730,  672,  950
688,  673,  942,  727,  935
689,  678,  157,  916,  592
690,  679,  958,  919,  593
691,  680,  128,  917,  594
692,  597,  683,  136,  928
693,  904,  933,  137,  932
694,  922,  152,  925,  144
695,  603,  689,  153,  927
696,  698,  690,  737,   86
697,  691,  140,  936,  622
698,  774,  692,  944,  141
699,  695,  145,  931,  628
700,  588,  729,  945,  934
701,  953,  696,  934,  106
702,  775,  698,   86,   87
703,  750,  708,   90, 1009
704,  781,   92,  833,  770
705,  832,  103,  771, 1009
706,  956,  757,  180,  756
707,  785,  200,  827,  761
708,  789,  740,  201,  979
709,  195,  826,  791,  739
710, 1008, 1007,  856, 1002
711,  860,  762,  949,  182
712,  949,  183,  608,  657
713,  727,  942,  798,  858
714,  121,  674,  728,  799
715,  121,  799,  879,  841
716,  172,  842,  798,  942
717,  174,  666,  581,  801
718,  177,  794,  731,  802
719,  159,  667,  731,  963
720,  732,  957,  803,  583
721,  804,  733,  125,  901
722,  852,  793,  971,  733
723,  132,  960,  734,  793
724,  735,  123,  792,  918
725,  735,  126,  806,  586
726,  855,  764,  797,  737
727,  818,  196,  861,  642
728,  791,  757,  956,  947
729,  814,  739,  791,  947
730,  759,  827,  789,  979
731,  765,  832, 1013, 1012
732,  862,  815, 1004,  742
733,  816,  743,  863,  205
734,  744,  204,  966,  786
735,  745,  203,  787,  977
736,  964,  746,  753,  836
737,  783,  817,  746,  964
738,  760,  828,  978,  780
739,  982,  779,  197,  751
740,  864,  976,  993,  749
741,  785,  761,  829,  980
742, 1013,   90,  741, 1012
743,  822,  750,  778,  986
744,  788,  763,  830,  982
745,  823,  752,  865,  199
746,  836,  781,  770,  106
747,  824,  754,  866,   91
748,  831,  790,  994,  840
749,  825,  755,  994,  790
750,  716,  180,  757,  965
751,  826,  882,  758,  965
752,  882,  813,  893,  758
753,  200,  740,  789,  827
754,  780,  978,  747,  202
755,  848,  760,  780,  977
756,  785,  980,  821,  200
757,  762,  860,  983,  779
758,  850,  763,  788,  198
759,  797,   87,   86,  737
760,  840,  797,  764,  831
761,  784, 1012,  741, 1005
762, 1006,  784,  834,  767
763,  881,  766,  833,   92
764,  824,   91,  892,  881
765,  834,   89,  835,  767
766,  835,   89,  867,  768
767,  886,  903,  867, 1003
768,  769,  850,  843,  981
769,  781,  836,  753,  984
770,  771,  857,  986,  778
771, 1002, 1001,  772, 1008
772,  790,  831,  772, 1001
773,   87,  797,  840,  994
774,  755,  775,   87,  994
775,  889,  884,  148,  774
776,  983,  818,  197,  779
777,  977,  780,  202,  745
778,  782,   94,  975,  849
779,  911,   95,  967,  912
780,  783,  964,  847,  952
781,  203,  744,  786,  878
782,  787,  871,  848,  977
783,  751,  198,  788,  982
784,  979,  978,  828,  759
785,  790, 1001,  972,  825
786,  882,  826,  195,  813
787,  954,  859,  901,  125
788,  959,  971,  793,  734
789,  894,  971,  959,  126
790,  794,  853,  963,  731
791,  957,  795,  895,  176
792,  732,  989,  795,  957
793,  172,  730,  948,  842
794,  858,  798,  173,  899
795,  848,  871,  950,  188
796,  800,  189,  948,  730
797,  178,  727,  858,  900
798,  801,  803,  957,  176
799,  126,  959,  805,  806
800,  807,  366,  376,  219
801,  808,  391,  442,   81
802,  809,  393,  438,   78
803,  810,  395,  434,   75
804,  811,  430,  484,  213
805,  812,  413,  488,  210
806,  893,  813,  196,  860
807,  844,  194,  686,  626
808,  867,   89,  815, 1003
809,  908,  816,  205,  906
810,   93,  976,  864,  817
811,  861,  196,  813,  738
812,  845,   95,  688,  624
813,   94,  976,  885,  975
814,  706,  749,  993,  820
815,  865,  644,  821,  199
816,  866,  645,  822,   91
817,  823,  199,  981,  843
818,  754,  824,  985,  710
819,  825,  972,  961,  648
820,  965,  758,  181,  716
821,  981,  980,  829,  769
822,  830,  762,  779,  982
823,  847,  106,  934,  945
824,  159,  995,  872,  837
825,  988,  854,  888,  873
826,  852,  890,  132,  793
827,  969,  868,  140,  776
828,  992,  884,  883,  870
829,  841,  107,  729,  121
830,  189,  907,  909,  948
831,  198,  823,  843,  850
832,   88,  903,  886,  846
833, 1003,  891,  846,  886
834,  952,  951,  910,   93
835,  975,  885,  910,  968
836,  974,  849,  923,  108
837,  898,  924,  902,  851
838,  963,  853,  995,  159
839,  887,  913,  995,  853
840,  174,  796,  854,  988
841,  888,  880,  909,  190
842,  856, 1007,  903,   88
843,  972,  856,   88,  961
844,  857,  962,  892,  986
845,  900,  177,  802,  178
846,  894,  918,  954,  125
847,  182,  722,  893,  860
848,  983,  860,  196,  818
849, 1003,  815,  862,  891
850,  815,   89,  834, 1004
851,  883,  869,  149,  773
852,  869,  883,  884,  889
853,  156,  837,  872,  996
854,  838,  873,  990,  191
855,  988,  873,  838,  174
856,  129,  839,  890,  914
857,  132,  890,  839,  960
858,  906,  190,  877,  908
859,  189,  800,  878,  907
860,  879,  108,  923,  841
861,  986,  892,   91,  822
862,  868,  889,  774,  141
863,  777,  148,  884,  992
864,  976,   94,  820,  993
865,   93,  910,  885,  976
866,  916,  160,  668,  592
867,  913,  887,  997,  998
868,  869,  889,  868,  969
869,  917,  133,  669,  594
870,  766,  881,  892,  962
871,  126,  735,  918,  894
872,  108,  902,  924,  974
873,  109,  958,  911,  912
874,  897,  122,  859,  954
875,  919,  123,  671,  593
876,  109,  912,  924,  898
877,  899,  796,  920,  177
878,  768,  867,  903, 1007
879,  936,  136,  683,  622
880,  926,  927,  930, 1000
881,  999,  930,  925,  152
882,  970,  875,  191,  990
883,  970,  990,  190,  906
884,  204,  816,  908,  966
885,  880,  842,  948,  909
886,  896,  912,  967,  782
887,  924,  912,  896,  974
888,  998,  926, 1010,  913
889, 1011, 1010,  926, 1000
890,  914,  128,  928,  929
891,  915,  346,  396,   74
892,  895,  920,  796,  176
893,  932,  137,  876,  929
894,  931,  153,  689,  628
895,  922,  627,  687,  152
896,  930,  999,  905, 1000
897,  927,  157,  678,  603
898,  928,  128,  680,  597
899,  933,  623,  684,  137
900,  945,  729,  107,  951
901,  847,  945,  951,  952
902,  951,  107,  968,  910
903,  955,  584,  669,  133
904,  987,  557,   82,  706
905,  201,  747,  978,  979
906,  199,  821,  980,  981
907,  984,  985,   92,  781
908,  966,  908,  877,  786
909,  987,  706,  820,  748
910,  160,  991,  989,  732
911,  990,  873,  888,  190
912,  887,  989,  991,  997
913, 1000,  905,  996, 1011
914,  856,  972, 1001, 1002
915, 1008,  973,  100, 1007
916,  700,  742, 1004, 1005
917, 1006,  765, 1012,  784
918, 1009,  771,  778,  750
919,  872, 1010, 1011,  996
920, 1009,   90, 1013,  832
%    1,     1, 3, 5, 7, 2, 4, 6, 8
        END CONNECTIVITY

%     The PROPERTIES, PARAMETERS, CONNECTIVITY keywords can be repeated here to define more set of elements with different properties

        END ELEMENTS
      END MESH

%%%%%%%%%%%%%%%%%%%%%%%%%%%%%%%%%%%%%%% BOUNDARY CONDITIONS %%%%%%%%%%%%%%%%%%%%%%%%%%%%%%%%%%%%%%%%%%%%%

%     The BOUNDARY conditions key starts definition of BCs
      BOUNDARY CONDITIONS

%       The HISTORY key defines a time history that can be applied to DOFs or distributed loads
        HISTORY, dof_history
          0.d0, 0.d0                  % Each line gives a time value and then a function value
          1.d0, -.2d0
        END HISTORY

 
%       The NODESET key defines a list of nodes
        NODESET, force
41
        END NODESET
        
        NODESET, base
1
2
3
4
5
5
6
7
8
9
10
11
221
222
223
224
225
226
227
228
229
230
231
232
233
234
235
236
237
238
239
240
        END NODESET
       
%      The ELEMENTSET key defines a list of elements
%       ELEMENTSET, end_element
%           1
%           2
%       END ELEMENTSET

%       The DEGREE OF FREEDOM key assigns values to nodal DOFs
%       The syntax is node set name, DOF number, VALUE/HISTORY/SUBROUTINE, value/history name/subroutine parameter list name.
%     
        DEGREES OF FREEDOM
%          left, 1, VALUE, 0.d0
%          left, 2, VALUE, 0.d0
%          right, 1, HISTORY, dof_history
           force, 2, HISTORY, dof_history
%          force, 1, VALUE, 0.d0
           base, 2, VALUE, 0.d0
           base, 1, VALUE, 0.d0
        END DEGREES OF FREEDOM


   END BOUNDARY CONDITIONS

%%%%%%%%%%%%%%%%%%%%%%%%%%%%%%%%%%% Mesh printing, error checking %%%%%%%%%%%%%%%%%%%%

%  Print the initial mesh to a file named initial_mesh.dat

   PRINT INITIAL MESH, initial_mesh.dat

%   TIME, VALUE, 0.d0        % Use this to specify the initial time
%   TIME, INCREMENT, 0.01d0  % Use this to specify a time increment (often needed for check stiffness)

%   The CHECK STIFFNESS key tests the element subroutine to ensure that
%   the residual force vector is consistent with the stiffness
       CHECK STIFFNESS, 101




%%%%%%%%%%%%%%%%%%%%%%%%%%%%%%%%%%% Analysis %%%%%%%%%%%%%%%%%%%%%%%%%%%%%%%%%%%%%%%%

   %   The STATIC STEP key initializes a static load step

     STATIC STEP


          INITIAL TIME STEP, 1.d0       
          MAX TIME STEP, 1.d0
          MIN TIME STEP, 0.001d0
          MAX NUMBER OF STEPS, 3
          STOP TIME, 10.d0
          STATE PRINT STEP INTERVAL, 1
          USER PRINT STEP INTERVAL, 1


%        The SOLVER key controls the equation solver and Newton-Raphson iterations
%        The options are FACTOR for direct solver, CONJUGATE GRADIENT for cg solver
%        Factor will work on anything but might be slow for large equation systems.   
%        Conjugate gradient works well for elasticity problems but (with the diagonal preconditioner used here) is not so good for unsymmetric matrices
%                        LINEAR for linear equations, NONLINEAR for nonlinear equations
%                        For nonlinear solver, must specify convergence tolerance and max # iterations
%                        UNSYMMETRIC  (optional - only for unsymmetric stiffness)


         SOLVER, DIRECT, LINEAR, 1.d-05,15


%      This prints the DOF values and projected nodal state for all solid elements to a tecplot readable file
%      Nodal variables are printed as
%         X, Y, (Z), Ux, Uy, (Uz), Projected states.
%         The projected states are controlled by the user - see subroutine elstat in file usrelem.f90
%         Also (for this example file) subroutine state_linelast_3dbasic in file el_linelast_3Dbasic.f90
%         In this example the states are the stresses sxx,syy,sxy
         PRINT STATE, Output_files\contourplots_2d_ptld.dat
            DEGREES OF FREEDOM
            FIELD VARIABLES, S11,S22,S12
            DISPLACED MESH
            DISPLACEMENT SCALE FACTOR, 1.d0
         END PRINT STATE



        END STATIC STEP
         

   STOP
